1 21 45 59 83 95 99 123 134 138 145 174 180 192 196 223 242 244 254 261 281 293 294 308
4 13 22 31 32 34 40 48 57 86 92 95 113 114 139 146 152 170 175 231 261 284 301 303
7 29 41 91 96 110 112 119 124 127 136 146 154 161 182 190 205 206 241 270 276 277 304 307
6 24 26 35 55 63 77 89 106 121 148 160 165 174 192 204 205 218 228 236 265 271 277 306
3 8 16 45 68 69 94 96 112 115 125 135 136 140 150 166 198 216 228 229 269 278 283 310
9 11 23 30 44 45 47 54 56 86 87 101 105 133 147 149 161 176 186 218 224 263 291 296
26 39 46 52 55 60 77 99 115 153 159 171 184 203 211 215 216 241 245 255 264 269 280 281
23 60 65 74 113 122 128 143 147 150 155 163 171 173 214 217 219 233 235 249 254 292 299 305
7 33 51 62 68 70 71 72 78 81 107 111 113 127 129 134 157 185 190 229 230 232 242 266
18 19 30 32 38 69 77 86 103 105 124 137 160 182 196 212 221 222 224 237 276 294 306 312
19 28 38 58 62 85 93 97 100 105 143 151 157 163 191 200 238 243 244 258 267 274 278 311
15 25 27 53 70 75 76 81 131 143 159 172 180 184 187 205 209 226 227 236 259 272 274 304
10 14 28 42 59 66 89 128 136 145 162 164 174 202 207 214 223 238 240 249 251 254 258 307
5 16 17 20 33 36 61 84 88 100 109 131 140 151 165 182 194 220 223 230 239 244 247 270
4 41 47 54 109 111 114 116 120 130 139 141 168 176 177 180 195 208 213 227 234 241 250 260
14 27 46 56 62 80 91 98 145 149 155 156 193 195 213 222 247 255 273 280 282 284 295 300
15 63 75 93 98 104 115 118 144 197 198 201 219 220 226 240 253 266 280 283 297 299 305 312
8 34 40 41 49 67 84 88 104 117 122 139 164 181 188 197 199 204 208 220 230 252 275 286
59 64 66 67 69 76 83 90 97 117 138 162 169 187 194 210 229 248 268 289 290 301 304 312
10 58 70 79 82 90 91 106 107 120 135 141 142 149 152 175 186 209 231 233 256 286 287 295
2 5 18 21 29 48 53 58 94 99 108 120 166 167 169 177 179 188 194 196 198 201 211 272
17 25 40 43 51 52 123 125 129 133 163 168 178 181 185 224 239 257 259 268 279 302 306 311
31 37 39 42 49 64 90 92 93 102 109 126 169 172 210 217 234 235 240 242 275 279 288 298
27 32 33 74 92 110 148 154 165 178 183 190 200 225 228 237 246 250 270 271 282 303 308 309
26 43 50 61 87 88 94 108 124 132 142 158 161 179 189 192 210 212 232 250 253 262 274 311
3 12 15 19 28 36 44 48 102 130 144 187 200 203 221 243 252 255 256 264 268 273 289 298
1 6 8 11 36 71 72 73 80 82 101 116 125 173 183 184 199 239 246 261 272 290 307 308
20 23 57 80 126 130 137 141 153 175 181 189 197 215 221 259 264 278 285 288 294 302 303 309
2 50 61 65 67 79 104 117 152 153 158 207 225 243 248 262 267 276 277 285 291 293 300 309
4 7 17 18 24 25 30 35 75 78 85 95 114 132 137 147 156 191 213 222 245 263 287 299
9 10 13 20 21 29 35 39 57 65 66 103 119 121 122 154 167 168 170 193 199 206 251 257
1 12 22 37 46 55 73 111 118 129 135 170 195 202 214 225 226 251 260 265 292 296 297 310
