7 11 13 21 53 58 59 72 105 111 115 125 158 162 169 176 213 219 228 230 265 267 274 281
12 14 20 22 54 57 64 71 109 117 118 123 157 161 163 177 214 215 222 229 261 272 279 282
8 10 17 18 55 60 61 78 107 112 120 129 160 165 171 174 223 224 225 234 263 283 284 285
3 4 9 23 68 70 76 77 108 119 121 128 159 172 173 182 217 218 226 233 268 275 277 278
29 36 43 50 81 88 90 101 141 142 148 149 185 192 193 206 235 236 238 244 288 290 304 309
28 35 45 49 79 82 89 95 132 133 139 154 184 186 191 200 237 243 246 252 287 289 305 310
32 33 34 46 83 84 91 103 136 145 150 152 189 195 196 208 248 249 254 260 293 301 307 308
40 41 48 52 86 92 94 98 135 137 155 156 188 190 197 202 240 247 255 259 291 299 302 306
4 17 23 25 58 70 73 74 107 112 116 126 168 169 172 182 218 219 222 229 261 271 279 285
7 20 22 26 62 65 71 77 105 113 117 128 157 158 166 177 209 213 223 234 264 267 278 281
1 12 14 21 53 54 60 78 106 111 122 124 159 161 176 180 210 216 217 226 275 282 283 284
27 30 35 37 81 92 99 103 139 142 152 156 184 189 194 196 243 248 256 259 296 307 309 311
39 42 45 46 88 89 91 93 137 145 151 154 186 192 193 205 247 250 252 260 287 299 305 308
32 38 44 48 80 83 96 102 136 143 146 150 202 203 204 208 237 240 244 246 294 302 304 312
5 21 36 37 57 64 66 79 109 125 126 131 162 167 170 183 209 236 237 257 271 279 290 295
2 38 45 50 59 71 73 102 132 149 153 154 157 185 186 192 213 228 244 245 267 272 289 303
11 22 28 43 58 72 82 95 105 116 123 133 158 175 194 200 214 215 221 251 262 273 282 287
3 15 24 32 75 83 98 103 112 128 138 145 180 188 190 196 225 226 241 249 275 284 291 301
10 18 47 48 86 91 93 104 136 144 146 155 165 173 195 207 211 216 224 247 276 277 300 302
8 17 39 41 60 61 62 92 107 127 152 156 171 182 189 208 223 231 239 248 268 285 286 311
8 20 24 31 56 75 88 90 110 124 131 136 160 167 196 206 211 224 231 250 263 295 297 299
11 38 43 44 54 55 59 71 123 129 130 156 172 176 191 193 219 221 238 257 270 281 294 296
27 29 42 48 70 72 95 103 119 121 125 144 182 185 188 199 215 223 234 246 279 282 308 310
14 16 34 37 58 74 79 98 107 108 116 118 168 179 192 202 233 251 253 254 266 267 293 298
3 17 40 46 64 67 100 102 106 126 128 132 165 174 181 204 243 252 255 258 261 277 283 302
7 9 13 50 63 65 78 81 115 127 133 155 157 175 198 207 236 237 240 256 265 276 291 292
19 26 41 45 61 83 94 97 117 139 152 154 169 171 173 208 216 225 232 260 269 273 289 300
1 15 32 35 85 91 101 104 109 112 120 150 159 161 162 177 210 226 247 248 268 272 280 311
6 22 25 52 53 57 69 73 111 113 135 149 184 189 197 203 209 218 229 235 264 284 307 312
5 18 23 47 62 84 86 92 114 137 142 143 158 186 187 200 212 222 241 245 278 285 301 306
2 10 28 39 66 68 76 87 145 146 151 153 180 183 195 205 217 244 249 259 274 287 290 309
12 30 36 51 60 77 89 96 122 134 138 147 166 170 178 190 213 228 230 239 262 271 288 303